Mean Noise Amplitude <length scales>
-----------ALL SAMPLES-------------
113.70436021045477 0.001 3047.9949840145755 0.7294727228381848 0.9964816297165469 
32.05531488052897 0.001 2897.350604790774 0.3996256412996966 0.7372389079459012 
128.70801045283432 0.001 2916.1530210126675 0.943418039405992 0.21619752297575323 
29.86354631857293 0.001 2706.099816583422 1.7411388954606455 0.00849720346187366 
85.25954771989876 0.001 2962.9472849978847 0.9245833067843163 0.2942401667854655 
62.076737307561785 0.001 2337.7910282468583 0.5228901921419439 0.5794127118034987 
81.4096511026741 0.001 2372.0114795688332 1.5399383255272006 0.23785519920414944 
44.30590692505908 0.001 2037.8791390557208 0.2693519668620443 0.6314720232806335 
126.88280787737085 0.001 1905.1839301375885 0.1973604121657132 1.4866629544451202 
100.21137474373813 0.001 1812.6931810447288 0.3339093426426479 1.718911882753031 
-----------MEAN OF SAMPLES-------------
80.44772575386936 0.0010000000000000002 2499.6104469453057 0.7601688845128386 0.6906970202371974 
